2006.05525
2305.12870
2306.08543
2306.13649
2307.15190
2310.08461
2312.11562
2401.01335
2402.03898
2402.11890
2402.12030
2402.12842
2402.13116
2404.02657
2404.14387
2405.07863
2410.09008
2410.11325
2410.17215
2501.16937
2502.02671
2503.02832
2503.07067
2504.11426
2504.13471
2504.14945
2504.19024
2505.09388
2505.11100
2505.13111
2505.16142
2505.16297
2505.18952
2506.01523
2506.02208
2506.03541
2508.07616
2509.14257
2509.14526
2509.16965
2509.22921
2509.25100
2509.25837
2510.02227
2510.07842
2510.11615
2510.18874
2510.23497
2510.24021
2511.10643
2511.19399
2512.05105
2512.17636
2512.23097
2601.02780
2601.07155
2601.08310
2601.09088
2601.16547
2601.18734
2601.19897
2601.20802
2601.21968
2602.00400
2602.02405
2602.02482
2602.02994
2602.04942
2602.06019
2602.12125
2602.12222
2602.12262
2602.12275
2602.12674
2602.13407
2602.15260
2602.20574
2602.22495
2603.01683
2603.05433
2603.07079
2603.10165
2603.11137
2603.11178
2603.13260
2603.16856
2603.19220
2603.23871
2603.24472
2603.24596
2603.25562
2603.26666
2603.27703
2604.00626
2604.01193
2604.02288
2604.02621
2604.03128
2604.03873
2604.04461
2604.07430
2604.07944
2604.08527
2604.10674
2604.10688
2604.12002
2604.13010
2604.13016
2604.14054
2604.14084
2604.16830
2604.17535
2604.18963
2604.20244
2604.20933
2604.23336
2604.24005
2604.25110
2604.26573
2604.27083
2604.28123
2605.00642
2605.01347
2605.01457
2605.02320
2605.02405
2605.02943
2605.02971
2605.03677
2605.03849
2605.04507
2605.04559
2605.05040
2605.05204
2605.05478
2605.05940
2605.06094
2605.06188
2605.06230
2605.06387
2605.06597
2605.06650
2605.06850
2605.07177
2605.07274
2605.07276
2605.07327
2605.07396
2605.07503
2605.07505
2605.07579
2605.07711
2605.07725
2605.07804
2605.07820
2605.07865
2605.08063
2605.08354
2605.08737
2605.08741
2605.08776
2605.08873
2605.08887
2605.09253
2605.09317
2605.09329
2605.09422
2605.09536
2605.09548
2605.09725
2605.09920
2605.10189
2605.10194
2605.10207
2605.10518
2605.10781
2605.10805
2605.10875
2605.10889
2605.11019
2605.11182
2605.11458
2605.11556
2605.11609
2605.11613
2605.11651
2605.11665
2605.11706
2605.11739
2605.11853
2605.11854
2605.12034
2605.12227
2605.12400
2605.12483
2605.12652
2605.12741
2605.12798
2605.12913
2605.13143
2605.13165
2605.13230
2605.13255
2605.13501
2605.13643
2605.13665
2605.13724
2605.14071
2605.14278
2605.14382
2605.14417
2605.14442
2605.14443
2605.14450
2605.14897
2605.15012
2605.15055
2605.15108
2605.15113
2605.15141
2605.15155
2605.15190
2605.15239
2605.15417
2605.15532
2605.15726
2605.15913
2605.16241
2605.16826
2605.16865
2605.16941
2605.17497
2605.17743
2605.17862
2605.17873
2605.18141
2605.18299
2605.18529
2605.18643
2605.18740
2605.19433
2605.19436
2605.19447
2605.19776
2605.20201
2605.20256
2605.20258
2605.20285
2605.20555
2605.20643
2605.20654
2605.20865
2605.21266
2605.21606
2605.21699
2605.21834
2605.21851
2605.21924
2605.21984
2605.22240
2605.22263
2605.22478
2605.22511
2605.22675
2605.22731
2605.23954
2605.24432
2605.24793
2605.25378
2605.25525
2605.25549
2605.25582
2605.25676
2605.25745
2605.25977
2605.26844
2605.27028
2605.27095
2605.27115
2605.27140
2605.27186
2605.27255
2605.27373
2605.27377
2605.27379
2605.27389
2605.27402
2605.27636
2605.27858
2605.27865
2605.27866
2605.27881
2605.27885
2605.27901
2605.27934
2605.27958
2605.27967
2605.27980
2605.28003
2605.28013
2605.28014
2605.28020
2605.28060
2605.28062
2605.28179
2605.28207
2605.28228
2605.28424
2605.28521
2605.28534
2605.28773
2605.28774
2605.28791
2605.28802
2605.28814
2605.29584
2605.30251
2605.30833
2605.31159
2605.31490
2606.00011
2606.00017
2606.00080
2606.00095
2606.00120
2606.00129
2606.00134
2606.00135
2606.00140
2606.00147
2606.00172
2606.00198
2606.00229
2606.00232
2606.00250
2606.00251
2606.00252
2606.00257
2606.00270
2606.00304
2606.00305
2606.00306
2606.00329
2606.00336
2606.00350
2606.00382
2606.00384
2606.00392
2606.00395
2606.00400
2606.00424
2606.00462
2606.00467
2606.00503
2606.00506
2606.00510
2606.00523
2606.00532
2606.00545
2606.00558
2606.00561
2606.00562
2606.00563
2606.00564
2606.00570
2606.00579
2606.00583
2606.00618
2606.00619
2606.00628
2606.00642
2606.00680
2606.00690
2606.00700
2606.00716
2606.00722
2606.00732
2606.00746
2606.00752
2606.00755
2606.00771
2606.00776
2606.00780
2606.00798
2606.00804
2606.00809
2606.00827
2606.00831
2606.00838
2606.00844
2606.00869
2606.00875
2606.00881
2606.00913
2606.00914
2606.00928
2606.00970
2606.00979
2606.00988
2606.00995
2606.01000
2606.01013
2606.01039
2606.01041
2606.01042
2606.01046
2606.01080
2606.01081
2606.01091
2606.01101
2606.01151
2606.01166
2606.01172
2606.01215
2606.01221
2606.01223
2606.01238
2606.01249
2606.01281
2606.01292
2606.01301
2606.01304
2606.01322
2606.01338
2606.01372
2606.01374
2606.01379
2606.01382
2606.01462
2606.01470
2606.01476
2606.01483
2606.01525
2606.01532
2606.01537
2606.01561
2606.01584
2606.01607
2606.01619
2606.01626
2606.01645
2606.01697
2606.01708
2606.01779
2606.01861
2606.01873
2606.01923
2606.01934
2606.01993
2606.02035
2606.02073
2606.02119
2606.02147
2606.02158
2606.02162
2606.02170
2606.02194
2606.02215
2606.02218
2606.02221
2606.02237
2606.02267
2606.02351
2606.02355
2606.02372
2606.02388
2606.02433
2606.02509
2606.02521
2606.02530
2606.02595
2606.02606
2606.02608
2606.02609
2606.02628
2606.02659
2606.02684
2606.02806
2606.02814
2606.02920
2606.02946
2606.02964
2606.02983
2606.03003
2606.03052
2606.03068
2606.03070
2606.03077
2606.03080
2606.03087
2606.03089
2606.03096
2606.03099
2606.03128
2606.03156
2606.03179
2606.03180
2606.03189
2606.03234
2606.03273
2606.03315
2606.03318
2606.03322
2606.03361
2606.03365
2606.03376
2606.03382
2606.03495
2606.03521
2606.03532
2606.03584
2606.03602
2606.03603
2606.03620
2606.03628
2606.03650
2606.03692
2606.03695
2606.03728
2606.03867
2606.03943
2606.03968
2606.04036
2606.04046
2606.04071
2606.04095
2606.04106
2606.04110
2606.04143
2606.04161
2606.04238
2606.04261
2606.04273
2606.04279
2606.04284
2606.04310
2606.04314
2606.04321
2606.04340
2606.04360
2606.04381
2606.04384
2606.04396
2606.04434
2606.04454
2606.04455
2606.04466
2606.04484
2606.04507
2606.04516
2606.04525
2606.04547
2606.04557
2606.04560
2606.04562
2606.04564
2606.04576
2606.04620
2606.04632
2606.04694
2606.04703
2606.04743
2606.04815
2606.04816
2606.04846
2606.04889
2606.04922
2606.04930
2606.04994
2606.05025
2606.05054
2606.05067
2606.05109
2606.05122
2606.05145
2606.05152
2606.05174
2606.05181
2606.05183
2606.05194
2606.05315
2606.05336
2606.05494
2606.05513
2606.05531
2606.05557
2606.05564
2606.05716
2606.05743
2606.05744
2606.05749
2606.05793
2606.05804
2606.05846
2606.05858
2606.05868
2606.05894
2606.05906
2606.05917
2606.05922
2606.06021
2606.06025
2606.06038
2606.06076
2606.06109
2606.06197
2606.06350
2606.06447
2606.06712
2606.07000
2606.07006
2606.07082
2606.08432
2606.08719
2606.09059
2606.09091
2606.09304
2606.09348
2606.09456
2606.09471
2606.10334
2606.10385
2606.11559
2606.11627
2606.11709
2606.12507
2606.13657
2606.14368
